3.38440000000e-05 -3.76378617110e-06
4.01590000000e-05 -1.90182464764e-06
2.02200000000e-05 -2.91327967581e-06
1.45220000000e-05 -6.46461362804e-07
1.63150000000e-05 -1.16108186618e-06
2.02200000000e-05 -2.90325763075e-06
2.30350000000e-05 -3.24519973905e-06
3.56770000000e-05 -2.95576293917e-06
2.40000000000e-07 -2.26989184175e-06
2.79480000000e-05 -7.71040035566e-07
3.12810000000e-07 -4.37315771224e-06
2.79480000000e-05 -1.99108479789e-06
2.51340000000e-05 -5.47184995000e-06
2.40000000000e-07 -2.26988954592e-06
2.40000000000e-07 -2.26988968025e-06
2.40000000000e-07 -2.26988968025e-06
2.40000000000e-07 -2.26988968025e-06
2.40000000000e-07 -2.26988968025e-06
2.40000000000e-07 -2.26988968025e-06
2.40000000000e-07 -2.26988968025e-06
2.40000000000e-07 -2.26988968025e-06
2.40000000000e-07 -2.26988968025e-06
2.40000000000e-07 -2.26988968025e-06
2.40000000000e-07 -2.26988968025e-06
2.40000000000e-07 -2.26988968025e-06
