# TEMPERATURE = 2.500000e+01
# TIME V(VIN) V(VOUT)
0.00000000000e+00 0.00000000000e+00 1.78852210639e+00
5.00000000000e-12 0.00000000000e+00 1.78852210601e+00
1.50000000000e-11 0.00000000000e+00 1.78852210523e+00
3.50000000000e-11 0.00000000000e+00 1.78852210367e+00
7.50000000000e-11 0.00000000000e+00 1.78852210056e+00
1.55000000000e-10 0.00000000000e+00 1.78852209434e+00
3.15000000000e-10 0.00000000000e+00 1.78852208191e+00
6.35000000000e-10 0.00000000000e+00 1.78852205703e+00
1.27500000000e-09 0.00000000000e+00 1.78852200727e+00
2.55500000000e-09 0.00000000000e+00 1.78852190777e+00
5.11500000000e-09 0.00000000000e+00 1.78852170875e+00
1.02350000000e-08 0.00000000000e+00 1.78852131071e+00
2.04750000000e-08 0.00000000000e+00 1.78852051464e+00
4.09550000000e-08 0.00000000000e+00 1.78851892250e+00
8.19150000000e-08 0.00000000000e+00 1.78851573821e+00
1.63835000000e-07 0.00000000000e+00 1.78850936964e+00
3.27675000000e-07 0.00000000000e+00 1.78849663251e+00
4.90000000000e-07 0.00000000000e+00 1.78848401315e+00
4.92216638687e-07 1.99497481846e-01 1.78848384082e+00
4.94303878542e-07 3.87349068766e-01 1.78848367856e+00
4.98478358251e-07 7.63052242605e-01 1.78848335403e+00
5.06827317670e-07 1.51445859028e+00 1.78848270497e+00
5.10000000000e-07 1.80000000000e+00 1.78848245832e+00
5.12215358440e-07 1.80000000000e+00 1.78848228609e+00
5.14301995452e-07 1.80000000000e+00 1.78848212388e+00
5.18475269475e-07 1.80000000000e+00 1.78848179944e+00
5.26821817523e-07 1.80000000000e+00 1.78848115057e+00
5.43514913618e-07 1.80000000000e+00 1.78847985283e+00
5.76901105808e-07 1.80000000000e+00 1.78847725734e+00
6.43673490188e-07 1.80000000000e+00 1.78847206637e+00
7.77218258948e-07 1.80000000000e+00 1.78846168442e+00
1.00000000000e-06 1.80000000000e+00 1.78844436507e+00
