# PARAM X1 = 1.000000e+00
# PARAM X2 = 1.000000e-02
# TEMPERATURE = 2.700000e+01
# FREQ VR(VOUT) VI(VOUT)
1.00000000000e+02 2.47045230256e-02 -1.55223096115e-01
1.25892541179e+02 1.57309193953e-02 -1.24432542248e-01
1.58489319246e+02 9.98349712513e-03 -9.94174376570e-02
1.99526231497e+02 6.32245488468e-03 -7.92621060085e-02
2.51188643151e+02 3.99852893442e-03 -6.31073743772e-02
3.16227766017e+02 2.52662956295e-03 -5.02020488227e-02
3.98107170553e+02 1.59568334907e-03 -3.99141221088e-02
5.01187233627e+02 1.00740136226e-03 -3.17235953945e-02
6.30957344480e+02 6.35863685988e-04 -2.52083193284e-02
7.94328234724e+02 4.01297031454e-04 -2.00283796685e-02
1.00000000000e+03 2.53238812899e-04 -1.59114638862e-02
1.25892541179e+03 1.59797822959e-04 -1.26401063134e-02
1.58489319246e+03 1.00831556288e-04 -1.00409854738e-02
1.99526231497e+03 6.36227784718e-05 -7.97613506743e-03
2.51188643151e+03 4.01442019196e-05 -6.33581804999e-03
3.16227766017e+03 2.53296542963e-05 -5.03279372764e-03
3.98107170553e+03 1.59820808075e-05 -3.99772752705e-03
5.01187233627e+03 1.00840707421e-05 -3.17552657895e-03
6.30957344480e+03 6.36264217526e-06 -2.52241980884e-03
7.94328234724e+03 4.01456523732e-06 -2.00363397870e-03
1.00000000000e+04 2.53302317417e-06 -1.59154539928e-03
1.25892541179e+04 1.59823106950e-06 -1.26421062927e-03
1.58489319246e+04 1.00841622626e-06 -1.00419878976e-03
1.99526231497e+04 6.36267861036e-07 -7.97663748831e-04
2.51188643151e+04 4.01457974244e-07 -6.33606986290e-04
3.16227766017e+04 2.53302894877e-07 -5.03291993494e-04
3.98107170553e+04 1.59823336841e-07 -3.99779078114e-04
5.01187233627e+04 1.00841714147e-07 -3.17555828128e-04
6.30957344480e+04 6.36268225389e-08 -2.52243569770e-04
7.94328234724e+04 4.01458119295e-08 -2.00364194201e-04
1.00000000000e+05 2.53302952623e-08 -1.59154939040e-04
1.25892541179e+05 1.59823359830e-08 -1.26421262957e-04
1.58489319246e+05 1.00841723299e-08 -1.00419979228e-04
1.99526231497e+05 6.36268261825e-09 -7.97664251284e-05
2.51188643151e+05 4.01458133801e-09 -6.33607238113e-05
3.16227766017e+05 2.53302958398e-09 -5.03292119704e-05
3.98107170553e+05 1.59823362129e-09 -3.99779141369e-05
5.01187233627e+05 1.00841724214e-09 -3.17555859831e-05
6.30957344480e+05 6.36268265468e-10 -2.52243585659e-05
7.94328234724e+05 4.01458135251e-10 -2.00364202164e-05
1.00000000000e+06 2.53302958976e-10 -1.59154943031e-05
1.25892541179e+06 1.59823362359e-10 -1.26421264957e-05
1.58489319246e+06 1.00841724306e-10 -1.00419980231e-05
1.99526231497e+06 6.36268265833e-11 -7.97664256308e-06
2.51188643151e+06 4.01458135396e-11 -6.33607240631e-06
3.16227766017e+06 2.53302959033e-11 -5.03292120966e-06
3.98107170553e+06 1.59823362382e-11 -3.99779142002e-06
5.01187233627e+06 1.00841724315e-11 -3.17555860148e-06
6.30957344480e+06 6.36268265869e-12 -2.52243585818e-06
7.94328234724e+06 4.01458135411e-12 -2.00364202244e-06
1.00000000000e+07 2.53302959039e-12 -1.59154943071e-06
1.25892541179e+07 1.59823362384e-12 -1.26421264977e-06
1.58489319246e+07 1.00841724316e-12 -1.00419980241e-06
1.99526231497e+07 6.36268265873e-13 -7.97664256359e-07
2.51188643151e+07 4.01458135412e-13 -6.33607240656e-07
3.16227766017e+07 2.53302959040e-13 -5.03292120979e-07
3.98107170553e+07 1.59823362385e-13 -3.99779142008e-07
5.01187233627e+07 1.00841724316e-13 -3.17555860151e-07
6.30957344480e+07 6.36268265873e-14 -2.52243585820e-07
7.94328234724e+07 4.01458135412e-14 -2.00364202245e-07
1.00000000000e+08 2.53302959040e-14 -1.59154943071e-07
1.25892541179e+08 1.59823362385e-14 -1.26421264977e-07
1.58489319246e+08 1.00841724316e-14 -1.00419980241e-07
1.99526231497e+08 6.36268265873e-15 -7.97664256359e-08
2.51188643151e+08 4.01458135412e-15 -6.33607240656e-08
3.16227766017e+08 2.53302959040e-15 -5.03292120979e-08
3.98107170553e+08 1.59823362385e-15 -3.99779142008e-08
5.01187233627e+08 1.00841724316e-15 -3.17555860151e-08
6.30957344480e+08 6.36268265873e-16 -2.52243585820e-08
7.94328234724e+08 4.01458135412e-16 -2.00364202245e-08
1.00000000000e+09 2.53302959040e-16 -1.59154943071e-08
