# PARAM X1 = 1.000000e+00
# PARAM X2 = 1.000000e-02
# TEMPERATURE = 2.700000e+01
# TIME V(VOUT)
0.00000000000e+00 0.00000000000e+00
1.00000000000e-12 3.29999999967e-10
2.00000000000e-12 6.59999999901e-10
3.00000000000e-12 9.89999999802e-10
5.00000000000e-12 1.64999999954e-09
9.00000000000e-12 2.96999999861e-09
1.70000000000e-11 5.60999999518e-09
3.30000000000e-11 1.08899999820e-08
6.50000000000e-11 2.14499999302e-08
1.29000000000e-10 4.25699997254e-08
2.57000000000e-10 8.48099989101e-08
5.13000000000e-10 1.69289995658e-07
1.02500000000e-09 3.38249982665e-07
2.04900000000e-09 6.76169930726e-07
4.09700000000e-09 1.35200972304e-06
8.19300000000e-09 2.70368889243e-06
1.63850000000e-08 5.40704557028e-06
3.27690000000e-08 1.08137522822e-05
6.55370000000e-08 2.16271391310e-05
1.31073000000e-07 4.32538065292e-05
2.62145000000e-07 8.65067161306e-05
5.24289000000e-07 1.73010834582e-04
1.04857700000e-06 3.46012268703e-04
2.04857700000e-06 6.75961170031e-04
3.04857700000e-06 1.00587707812e-03
4.04857700000e-06 1.33575999626e-03
5.04857700000e-06 1.66560992777e-03
6.04857700000e-06 1.99542687593e-03
7.04857700000e-06 2.32521084404e-03
8.04857700000e-06 2.65496183541e-03
9.04857700000e-06 2.98467985332e-03
1.00485770000e-05 3.31436490109e-03
1.10485770000e-05 3.64401698199e-03
1.20485770000e-05 3.97363609934e-03
1.30485770000e-05 4.30322225642e-03
1.40485770000e-05 4.63277545653e-03
1.50485770000e-05 4.96229570298e-03
1.60485770000e-05 5.29178299904e-03
1.70485770000e-05 5.62123734802e-03
1.80485770000e-05 5.95065875322e-03
1.90485770000e-05 6.28004721792e-03
2.00485770000e-05 6.60940274542e-03
2.10485770000e-05 6.93872533902e-03
2.20485770000e-05 7.26801500200e-03
2.30485770000e-05 7.59727173766e-03
2.40485770000e-05 7.92649554930e-03
2.50485770000e-05 8.25568644020e-03
2.60485770000e-05 8.58484441366e-03
2.70485770000e-05 8.91396947296e-03
2.80485770000e-05 9.24306162141e-03
2.90485770000e-05 9.57212086228e-03
3.00485770000e-05 9.90114719888e-03
3.10485770000e-05 1.02301406345e-02
3.20485770000e-05 1.05591011724e-02
3.30485770000e-05 1.08880288159e-02
3.40485770000e-05 1.12169235683e-02
3.50485770000e-05 1.15457854328e-02
3.60485770000e-05 1.18746144128e-02
3.70485770000e-05 1.22034105116e-02
3.80485770000e-05 1.25321737324e-02
3.90485770000e-05 1.28609040785e-02
4.00485770000e-05 1.31896015532e-02
4.10485770000e-05 1.35182661598e-02
4.20485770000e-05 1.38468979016e-02
4.30485770000e-05 1.41754967819e-02
4.40485770000e-05 1.45040628039e-02
4.50485770000e-05 1.48325959710e-02
4.60485770000e-05 1.51610962864e-02
4.70485770000e-05 1.54895637534e-02
4.80485770000e-05 1.58179983752e-02
4.90485770000e-05 1.61464001553e-02
5.00485770000e-05 1.64747690969e-02
5.10485770000e-05 1.68031052031e-02
5.20485770000e-05 1.71314084775e-02
5.30485770000e-05 1.74596789231e-02
5.40485770000e-05 1.77879165433e-02
5.50485770000e-05 1.81161213414e-02
5.60485770000e-05 1.84442933207e-02
5.70485770000e-05 1.87724324844e-02
5.80485770000e-05 1.91005388358e-02
5.90485770000e-05 1.94286123783e-02
6.00485770000e-05 1.97566531150e-02
6.10485770000e-05 2.00846610493e-02
6.20485770000e-05 2.04126361844e-02
6.30485770000e-05 2.07405785237e-02
6.40485770000e-05 2.10684880704e-02
6.50485770000e-05 2.13963648277e-02
6.60485770000e-05 2.17242087990e-02
6.70485770000e-05 2.20520199876e-02
6.80485770000e-05 2.23797983967e-02
6.90485770000e-05 2.27075440296e-02
7.00485770000e-05 2.30352568895e-02
7.10485770000e-05 2.33629369798e-02
7.20485770000e-05 2.36905843038e-02
7.30485770000e-05 2.40181988646e-02
7.40485770000e-05 2.43457806656e-02
7.50485770000e-05 2.46733297101e-02
7.60485770000e-05 2.50008460013e-02
7.70485770000e-05 2.53283295425e-02
7.80485770000e-05 2.56557803370e-02
7.90485770000e-05 2.59831983881e-02
8.00485770000e-05 2.63105836990e-02
8.10485770000e-05 2.66379362730e-02
8.20485770000e-05 2.69652561134e-02
8.30485770000e-05 2.72925432234e-02
8.40485770000e-05 2.76197976064e-02
8.50485770000e-05 2.79470192655e-02
8.60485770000e-05 2.82742082042e-02
8.70485770000e-05 2.86013644255e-02
8.80485770000e-05 2.89284879329e-02
8.90485770000e-05 2.92555787296e-02
9.00485770000e-05 2.95826368188e-02
9.10485770000e-05 2.99096622038e-02
9.20485770000e-05 3.02366548880e-02
9.30485770000e-05 3.05636148745e-02
9.40485770000e-05 3.08905421667e-02
9.50485770000e-05 3.12174367677e-02
9.60485770000e-05 3.15442986809e-02
9.70485770000e-05 3.18711279096e-02
9.80485770000e-05 3.21979244570e-02
9.90485770000e-05 3.25246883263e-02
1.00048577000e-04 3.28514195210e-02
1.01048577000e-04 3.31781180441e-02
1.02048577000e-04 3.35047838990e-02
1.03048577000e-04 3.38314170889e-02
1.04048577000e-04 3.41580176172e-02
1.05048577000e-04 3.44845854870e-02
1.06048577000e-04 3.48111207017e-02
1.07048577000e-04 3.51376232645e-02
1.08048577000e-04 3.54640931787e-02
1.09048577000e-04 3.57905304475e-02
1.10048577000e-04 3.61169350742e-02
1.11048577000e-04 3.64433070621e-02
1.12048577000e-04 3.67696464145e-02
1.13048577000e-04 3.70959531345e-02
1.14048577000e-04 3.74222272255e-02
1.15048577000e-04 3.77484686907e-02
1.16048577000e-04 3.80746775334e-02
1.17048577000e-04 3.84008537568e-02
1.18048577000e-04 3.87269973642e-02
1.19048577000e-04 3.90531083590e-02
1.20048577000e-04 3.93791867442e-02
1.21048577000e-04 3.97052325232e-02
1.22048577000e-04 4.00312456993e-02
1.23048577000e-04 4.03572262757e-02
1.24048577000e-04 4.06831742557e-02
1.25048577000e-04 4.10090896425e-02
1.26048577000e-04 4.13349724394e-02
1.27048577000e-04 4.16608226497e-02
1.28048577000e-04 4.19866402765e-02
1.29048577000e-04 4.23124253232e-02
1.30048577000e-04 4.26381777931e-02
1.31048577000e-04 4.29638976893e-02
1.32048577000e-04 4.32895850152e-02
1.33048577000e-04 4.36152397739e-02
1.34048577000e-04 4.39408619688e-02
1.35048577000e-04 4.42664516032e-02
1.36048577000e-04 4.45920086801e-02
1.37048577000e-04 4.49175332030e-02
1.38048577000e-04 4.52430251751e-02
1.39048577000e-04 4.55684845996e-02
1.40048577000e-04 4.58939114798e-02
1.41048577000e-04 4.62193058190e-02
1.42048577000e-04 4.65446676203e-02
1.43048577000e-04 4.68699968871e-02
1.44048577000e-04 4.71952936225e-02
1.45048577000e-04 4.75205578300e-02
1.46048577000e-04 4.78457895126e-02
1.47048577000e-04 4.81709886737e-02
1.48048577000e-04 4.84961553165e-02
1.49048577000e-04 4.88212894443e-02
1.50048577000e-04 4.91463910602e-02
1.51048577000e-04 4.94714601677e-02
1.52048577000e-04 4.97964967698e-02
1.53048577000e-04 5.01215008699e-02
1.54048577000e-04 5.04464724713e-02
1.55048577000e-04 5.07714115771e-02
1.56048577000e-04 5.10963181906e-02
1.57048577000e-04 5.14211923151e-02
1.58048577000e-04 5.17460339537e-02
1.59048577000e-04 5.20708431099e-02
1.60048577000e-04 5.23956197868e-02
1.61048577000e-04 5.27203639876e-02
1.62048577000e-04 5.30450757156e-02
1.63048577000e-04 5.33697549740e-02
1.64048577000e-04 5.36944017662e-02
1.65048577000e-04 5.40190160953e-02
1.66048577000e-04 5.43435979646e-02
1.67048577000e-04 5.46681473773e-02
1.68048577000e-04 5.49926643368e-02
1.69048577000e-04 5.53171488461e-02
1.70048577000e-04 5.56416009086e-02
1.71048577000e-04 5.59660205275e-02
1.72048577000e-04 5.62904077061e-02
1.73048577000e-04 5.66147624476e-02
1.74048577000e-04 5.69390847553e-02
1.75048577000e-04 5.72633746323e-02
1.76048577000e-04 5.75876320820e-02
1.77048577000e-04 5.79118571075e-02
1.78048577000e-04 5.82360497122e-02
1.79048577000e-04 5.85602098992e-02
1.80048577000e-04 5.88843376718e-02
1.81048577000e-04 5.92084330333e-02
1.82048577000e-04 5.95324959868e-02
1.83048577000e-04 5.98565265357e-02
1.84048577000e-04 6.01805246831e-02
1.85048577000e-04 6.05044904324e-02
1.86048577000e-04 6.08284237867e-02
1.87048577000e-04 6.11523247492e-02
1.88048577000e-04 6.14761933233e-02
1.89048577000e-04 6.18000295122e-02
1.90048577000e-04 6.21238333190e-02
1.91048577000e-04 6.24476047471e-02
1.92048577000e-04 6.27713437997e-02
1.93048577000e-04 6.30950504800e-02
1.94048577000e-04 6.34187247912e-02
1.95048577000e-04 6.37423667367e-02
1.96048577000e-04 6.40659763195e-02
1.97048577000e-04 6.43895535430e-02
1.98048577000e-04 6.47130984104e-02
1.99048577000e-04 6.50366109249e-02
2.00048577000e-04 6.53600910898e-02
2.01048577000e-04 6.56835389083e-02
2.02048577000e-04 6.60069543837e-02
2.03048577000e-04 6.63303375191e-02
2.04048577000e-04 6.66536883178e-02
2.05048577000e-04 6.69770067830e-02
2.06048577000e-04 6.73002929181e-02
2.07048577000e-04 6.76235467261e-02
2.08048577000e-04 6.79467682103e-02
2.09048577000e-04 6.82699573740e-02
2.10048577000e-04 6.85931142205e-02
2.11048577000e-04 6.89162387528e-02
2.12048577000e-04 6.92393309743e-02
2.13048577000e-04 6.95623908882e-02
2.14048577000e-04 6.98854184978e-02
2.15048577000e-04 7.02084138062e-02
2.16048577000e-04 7.05313768166e-02
2.17048577000e-04 7.08543075324e-02
2.18048577000e-04 7.11772059567e-02
2.19048577000e-04 7.15000720928e-02
2.20048577000e-04 7.18229059439e-02
2.21048577000e-04 7.21457075133e-02
2.22048577000e-04 7.24684768040e-02
2.23048577000e-04 7.27912138195e-02
2.24048577000e-04 7.31139185629e-02
2.25048577000e-04 7.34365910374e-02
2.26048577000e-04 7.37592312463e-02
2.27048577000e-04 7.40818391928e-02
2.28048577000e-04 7.44044148801e-02
2.29048577000e-04 7.47269583114e-02
2.30048577000e-04 7.50494694900e-02
2.31048577000e-04 7.53719484191e-02
2.32048577000e-04 7.56943951019e-02
2.33048577000e-04 7.60168095417e-02
2.34048577000e-04 7.63391917416e-02
2.35048577000e-04 7.66615417050e-02
2.36048577000e-04 7.69838594349e-02
2.37048577000e-04 7.73061449347e-02
2.38048577000e-04 7.76283982075e-02
2.39048577000e-04 7.79506192567e-02
2.40048577000e-04 7.82728080853e-02
2.41048577000e-04 7.85949646967e-02
2.42048577000e-04 7.89170890940e-02
2.43048577000e-04 7.92391812805e-02
2.44048577000e-04 7.95612412593e-02
2.45048577000e-04 7.98832690338e-02
2.46048577000e-04 8.02052646071e-02
2.47048577000e-04 8.05272279825e-02
2.48048577000e-04 8.08491591631e-02
2.49048577000e-04 8.11710581523e-02
2.50048577000e-04 8.14929249531e-02
2.51048577000e-04 8.18147595689e-02
2.52048577000e-04 8.21365620028e-02
2.53048577000e-04 8.24583322581e-02
2.54048577000e-04 8.27800703380e-02
2.55048577000e-04 8.31017762456e-02
2.56048577000e-04 8.34234499843e-02
2.57048577000e-04 8.37450915573e-02
2.58048577000e-04 8.40667009676e-02
2.59048577000e-04 8.43882782187e-02
2.60048577000e-04 8.47098233136e-02
2.61048577000e-04 8.50313362556e-02
2.62048577000e-04 8.53528170480e-02
2.63048577000e-04 8.56742656938e-02
2.64048577000e-04 8.59956821964e-02
2.65048577000e-04 8.63170665590e-02
2.66048577000e-04 8.66384187847e-02
2.67048577000e-04 8.69597388768e-02
2.68048577000e-04 8.72810268385e-02
2.69048577000e-04 8.76022826731e-02
2.70048577000e-04 8.79235063836e-02
2.71048577000e-04 8.82446979734e-02
2.72048577000e-04 8.85658574456e-02
2.73048577000e-04 8.88869848035e-02
2.74048577000e-04 8.92080800503e-02
2.75048577000e-04 8.95291431891e-02
2.76048577000e-04 8.98501742232e-02
2.77048577000e-04 9.01711731559e-02
2.78048577000e-04 9.04921399902e-02
2.79048577000e-04 9.08130747295e-02
2.80048577000e-04 9.11339773769e-02
2.81048577000e-04 9.14548479356e-02
2.82048577000e-04 9.17756864089e-02
2.83048577000e-04 9.20964927999e-02
2.84048577000e-04 9.24172671119e-02
2.85048577000e-04 9.27380093481e-02
2.86048577000e-04 9.30587195117e-02
2.87048577000e-04 9.33793976058e-02
2.88048577000e-04 9.37000436338e-02
2.89048577000e-04 9.40206575987e-02
2.90048577000e-04 9.43412395038e-02
2.91048577000e-04 9.46617893524e-02
2.92048577000e-04 9.49823071476e-02
2.93048577000e-04 9.53027928926e-02
2.94048577000e-04 9.56232465906e-02
2.95048577000e-04 9.59436682449e-02
2.96048577000e-04 9.62640578585e-02
2.97048577000e-04 9.65844154349e-02
2.98048577000e-04 9.69047409771e-02
2.99048577000e-04 9.72250344883e-02
3.00048577000e-04 9.75452959718e-02
3.01048577000e-04 9.78655254307e-02
3.02048577000e-04 9.81857228683e-02
3.03048577000e-04 9.85058882877e-02
3.04048577000e-04 9.88260216922e-02
3.05048577000e-04 9.91461230850e-02
3.06048577000e-04 9.94661924692e-02
3.07048577000e-04 9.97862298481e-02
3.08048577000e-04 1.00106235225e-01
3.09048577000e-04 1.00426208603e-01
3.10048577000e-04 1.00746149985e-01
3.11048577000e-04 1.01066059374e-01
3.12048577000e-04 1.01385936774e-01
3.13048577000e-04 1.01705782188e-01
3.14048577000e-04 1.02025595620e-01
3.15048577000e-04 1.02345377071e-01
3.16048577000e-04 1.02665126546e-01
3.17048577000e-04 1.02984844047e-01
3.18048577000e-04 1.03304529579e-01
3.19048577000e-04 1.03624183143e-01
3.20048577000e-04 1.03943804744e-01
3.21048577000e-04 1.04263394384e-01
3.22048577000e-04 1.04582952066e-01
3.23048577000e-04 1.04902477795e-01
3.24048577000e-04 1.05221971572e-01
3.25048577000e-04 1.05541433402e-01
3.26048577000e-04 1.05860863287e-01
3.27048577000e-04 1.06180261231e-01
3.28048577000e-04 1.06499627237e-01
3.29048577000e-04 1.06818961307e-01
3.30048577000e-04 1.07138263446e-01
3.31048577000e-04 1.07457533656e-01
3.32048577000e-04 1.07776771941e-01
3.33048577000e-04 1.08095978303e-01
3.34048577000e-04 1.08415152747e-01
3.35048577000e-04 1.08734295274e-01
3.36048577000e-04 1.09053405889e-01
3.37048577000e-04 1.09372484595e-01
3.38048577000e-04 1.09691531394e-01
3.39048577000e-04 1.10010546290e-01
3.40048577000e-04 1.10329529286e-01
3.41048577000e-04 1.10648480386e-01
3.42048577000e-04 1.10967399592e-01
3.43048577000e-04 1.11286286907e-01
3.44048577000e-04 1.11605142336e-01
3.45048577000e-04 1.11923965881e-01
3.46048577000e-04 1.12242757544e-01
3.47048577000e-04 1.12561517331e-01
3.48048577000e-04 1.12880245243e-01
3.49048577000e-04 1.13198941283e-01
3.50048577000e-04 1.13517605456e-01
3.51048577000e-04 1.13836237764e-01
3.52048577000e-04 1.14154838210e-01
3.53048577000e-04 1.14473406798e-01
3.54048577000e-04 1.14791943530e-01
3.55048577000e-04 1.15110448411e-01
3.56048577000e-04 1.15428921442e-01
3.57048577000e-04 1.15747362628e-01
3.58048577000e-04 1.16065771971e-01
3.59048577000e-04 1.16384149475e-01
3.60048577000e-04 1.16702495143e-01
3.61048577000e-04 1.17020808978e-01
3.62048577000e-04 1.17339090983e-01
3.63048577000e-04 1.17657341161e-01
3.64048577000e-04 1.17975559516e-01
3.65048577000e-04 1.18293746051e-01
3.66048577000e-04 1.18611900768e-01
3.67048577000e-04 1.18930023672e-01
3.68048577000e-04 1.19248114765e-01
3.69048577000e-04 1.19566174051e-01
3.70048577000e-04 1.19884201532e-01
3.71048577000e-04 1.20202197212e-01
3.72048577000e-04 1.20520161094e-01
3.73048577000e-04 1.20838093181e-01
3.74048577000e-04 1.21155993477e-01
3.75048577000e-04 1.21473861984e-01
3.76048577000e-04 1.21791698706e-01
3.77048577000e-04 1.22109503646e-01
3.78048577000e-04 1.22427276807e-01
3.79048577000e-04 1.22745018192e-01
3.80048577000e-04 1.23062727805e-01
3.81048577000e-04 1.23380405648e-01
3.82048577000e-04 1.23698051726e-01
3.83048577000e-04 1.24015666040e-01
3.84048577000e-04 1.24333248594e-01
3.85048577000e-04 1.24650799392e-01
3.86048577000e-04 1.24968318436e-01
3.87048577000e-04 1.25285805729e-01
3.88048577000e-04 1.25603261276e-01
3.89048577000e-04 1.25920685079e-01
3.90048577000e-04 1.26238077141e-01
3.91048577000e-04 1.26555437465e-01
3.92048577000e-04 1.26872766055e-01
3.93048577000e-04 1.27190062913e-01
3.94048577000e-04 1.27507328044e-01
3.95048577000e-04 1.27824561449e-01
3.96048577000e-04 1.28141763133e-01
3.97048577000e-04 1.28458933098e-01
3.98048577000e-04 1.28776071348e-01
3.99048577000e-04 1.29093177886e-01
4.00048577000e-04 1.29410252714e-01
4.01048577000e-04 1.29727295837e-01
4.02048577000e-04 1.30044307256e-01
4.03048577000e-04 1.30361286977e-01
4.04048577000e-04 1.30678235001e-01
4.05048577000e-04 1.30995151331e-01
4.06048577000e-04 1.31312035972e-01
4.07048577000e-04 1.31628888926e-01
4.08048577000e-04 1.31945710196e-01
4.09048577000e-04 1.32262499785e-01
4.10048577000e-04 1.32579257697e-01
4.11048577000e-04 1.32895983935e-01
4.12048577000e-04 1.33212678502e-01
4.13048577000e-04 1.33529341401e-01
4.14048577000e-04 1.33845972635e-01
4.15048577000e-04 1.34162572208e-01
4.16048577000e-04 1.34479140123e-01
4.17048577000e-04 1.34795676382e-01
4.18048577000e-04 1.35112180989e-01
4.19048577000e-04 1.35428653947e-01
4.20048577000e-04 1.35745095260e-01
4.21048577000e-04 1.36061504930e-01
4.22048577000e-04 1.36377882960e-01
4.23048577000e-04 1.36694229355e-01
4.24048577000e-04 1.37010544116e-01
4.25048577000e-04 1.37326827247e-01
4.26048577000e-04 1.37643078752e-01
4.27048577000e-04 1.37959298633e-01
4.28048577000e-04 1.38275486894e-01
4.29048577000e-04 1.38591643537e-01
4.30048577000e-04 1.38907768567e-01
4.31048577000e-04 1.39223861985e-01
4.32048577000e-04 1.39539923796e-01
4.33048577000e-04 1.39855954002e-01
4.34048577000e-04 1.40171952607e-01
4.35048577000e-04 1.40487919613e-01
4.36048577000e-04 1.40803855025e-01
4.37048577000e-04 1.41119758844e-01
4.38048577000e-04 1.41435631074e-01
4.39048577000e-04 1.41751471719e-01
4.40048577000e-04 1.42067280782e-01
4.41048577000e-04 1.42383058265e-01
4.42048577000e-04 1.42698804171e-01
4.43048577000e-04 1.43014518505e-01
4.44048577000e-04 1.43330201269e-01
4.45048577000e-04 1.43645852467e-01
4.46048577000e-04 1.43961472100e-01
4.47048577000e-04 1.44277060174e-01
4.48048577000e-04 1.44592616690e-01
4.49048577000e-04 1.44908141652e-01
4.50048577000e-04 1.45223635063e-01
4.51048577000e-04 1.45539096927e-01
4.52048577000e-04 1.45854527245e-01
4.53048577000e-04 1.46169926023e-01
4.54048577000e-04 1.46485293262e-01
4.55048577000e-04 1.46800628966e-01
4.56048577000e-04 1.47115933138e-01
4.57048577000e-04 1.47431205781e-01
4.58048577000e-04 1.47746446898e-01
4.59048577000e-04 1.48061656493e-01
4.60048577000e-04 1.48376834568e-01
4.61048577000e-04 1.48691981127e-01
4.62048577000e-04 1.49007096174e-01
4.63048577000e-04 1.49322179710e-01
4.64048577000e-04 1.49637231739e-01
4.65048577000e-04 1.49952252265e-01
4.66048577000e-04 1.50267241290e-01
4.67048577000e-04 1.50582198818e-01
4.68048577000e-04 1.50897124852e-01
4.69048577000e-04 1.51212019395e-01
4.70048577000e-04 1.51526882450e-01
4.71048577000e-04 1.51841714020e-01
4.72048577000e-04 1.52156514109e-01
4.73048577000e-04 1.52471282719e-01
4.74048577000e-04 1.52786019854e-01
4.75048577000e-04 1.53100725516e-01
4.76048577000e-04 1.53415399710e-01
4.77048577000e-04 1.53730042438e-01
4.78048577000e-04 1.54044653703e-01
4.79048577000e-04 1.54359233509e-01
4.80048577000e-04 1.54673781858e-01
4.81048577000e-04 1.54988298754e-01
4.82048577000e-04 1.55302784200e-01
4.83048577000e-04 1.55617238199e-01
4.84048577000e-04 1.55931660754e-01
4.85048577000e-04 1.56246051868e-01
4.86048577000e-04 1.56560411545e-01
4.87048577000e-04 1.56874739787e-01
4.88048577000e-04 1.57189036599e-01
4.89048577000e-04 1.57503301982e-01
4.90048577000e-04 1.57817535940e-01
4.91048577000e-04 1.58131738476e-01
4.92048577000e-04 1.58445909594e-01
4.93048577000e-04 1.58760049296e-01
4.94048577000e-04 1.59074157585e-01
4.95048577000e-04 1.59388234466e-01
4.96048577000e-04 1.59702279940e-01
4.97048577000e-04 1.60016294011e-01
4.98048577000e-04 1.60330276683e-01
4.99048577000e-04 1.60644227958e-01
5.00048577000e-04 1.60958147839e-01
5.01048577000e-04 1.61272036330e-01
5.02048577000e-04 1.61585893433e-01
5.03048577000e-04 1.61899719153e-01
5.04048577000e-04 1.62213513491e-01
5.05048577000e-04 1.62527276451e-01
5.06048577000e-04 1.62841008037e-01
5.07048577000e-04 1.63154708251e-01
5.08048577000e-04 1.63468377097e-01
5.09048577000e-04 1.63782014578e-01
5.10048577000e-04 1.64095620696e-01
5.11048577000e-04 1.64409195455e-01
5.12048577000e-04 1.64722738858e-01
5.13048577000e-04 1.65036250909e-01
5.14048577000e-04 1.65349731610e-01
5.15048577000e-04 1.65663180964e-01
5.16048577000e-04 1.65976598975e-01
5.17048577000e-04 1.66289985646e-01
5.18048577000e-04 1.66603340979e-01
5.19048577000e-04 1.66916664979e-01
5.20048577000e-04 1.67229957648e-01
5.21048577000e-04 1.67543218989e-01
5.22048577000e-04 1.67856449006e-01
5.23048577000e-04 1.68169647701e-01
5.24048577000e-04 1.68482815078e-01
5.25048577000e-04 1.68795951139e-01
5.26048577000e-04 1.69109055889e-01
5.27048577000e-04 1.69422129330e-01
5.28048577000e-04 1.69735171465e-01
5.29048577000e-04 1.70048182297e-01
5.30048577000e-04 1.70361161830e-01
5.31048577000e-04 1.70674110066e-01
5.32048577000e-04 1.70987027009e-01
5.33048577000e-04 1.71299912663e-01
5.34048577000e-04 1.71612767029e-01
5.35048577000e-04 1.71925590111e-01
5.36048577000e-04 1.72238381912e-01
5.37048577000e-04 1.72551142436e-01
5.38048577000e-04 1.72863871685e-01
5.39048577000e-04 1.73176569663e-01
5.40048577000e-04 1.73489236373e-01
5.41048577000e-04 1.73801871817e-01
5.42048577000e-04 1.74114476000e-01
5.43048577000e-04 1.74427048924e-01
5.44048577000e-04 1.74739590592e-01
5.45048577000e-04 1.75052101007e-01
5.46048577000e-04 1.75364580173e-01
5.47048577000e-04 1.75677028093e-01
5.48048577000e-04 1.75989444769e-01
5.49048577000e-04 1.76301830205e-01
5.50048577000e-04 1.76614184405e-01
5.51048577000e-04 1.76926507370e-01
5.52048577000e-04 1.77238799105e-01
5.53048577000e-04 1.77551059612e-01
5.54048577000e-04 1.77863288894e-01
5.55048577000e-04 1.78175486956e-01
5.56048577000e-04 1.78487653798e-01
5.57048577000e-04 1.78799789426e-01
5.58048577000e-04 1.79111893842e-01
5.59048577000e-04 1.79423967049e-01
5.60048577000e-04 1.79736009050e-01
5.61048577000e-04 1.80048019849e-01
5.62048577000e-04 1.80359999448e-01
5.63048577000e-04 1.80671947851e-01
5.64048577000e-04 1.80983865060e-01
5.65048577000e-04 1.81295751079e-01
5.66048577000e-04 1.81607605911e-01
5.67048577000e-04 1.81919429559e-01
5.68048577000e-04 1.82231222027e-01
5.69048577000e-04 1.82542983317e-01
5.70048577000e-04 1.82854713432e-01
5.71048577000e-04 1.83166412375e-01
5.72048577000e-04 1.83478080151e-01
5.73048577000e-04 1.83789716761e-01
5.74048577000e-04 1.84101322209e-01
5.75048577000e-04 1.84412896498e-01
5.76048577000e-04 1.84724439631e-01
5.77048577000e-04 1.85035951612e-01
5.78048577000e-04 1.85347432443e-01
5.79048577000e-04 1.85658882127e-01
5.80048577000e-04 1.85970300668e-01
5.81048577000e-04 1.86281688068e-01
5.82048577000e-04 1.86593044332e-01
5.83048577000e-04 1.86904369461e-01
5.84048577000e-04 1.87215663459e-01
5.85048577000e-04 1.87526926330e-01
5.86048577000e-04 1.87838158076e-01
5.87048577000e-04 1.88149358700e-01
5.88048577000e-04 1.88460528205e-01
5.89048577000e-04 1.88771666596e-01
5.90048577000e-04 1.89082773874e-01
5.91048577000e-04 1.89393850042e-01
5.92048577000e-04 1.89704895105e-01
5.93048577000e-04 1.90015909065e-01
5.94048577000e-04 1.90326891925e-01
5.95048577000e-04 1.90637843688e-01
5.96048577000e-04 1.90948764358e-01
5.97048577000e-04 1.91259653937e-01
5.98048577000e-04 1.91570512429e-01
5.99048577000e-04 1.91881339836e-01
6.00048577000e-04 1.92192136162e-01
6.01048577000e-04 1.92502901410e-01
6.02048577000e-04 1.92813635583e-01
6.03048577000e-04 1.93124338685e-01
6.04048577000e-04 1.93435010717e-01
6.05048577000e-04 1.93745651684e-01
6.06048577000e-04 1.94056261588e-01
6.07048577000e-04 1.94366840433e-01
6.08048577000e-04 1.94677388222e-01
6.09048577000e-04 1.94987904957e-01
6.10048577000e-04 1.95298390642e-01
6.11048577000e-04 1.95608845281e-01
6.12048577000e-04 1.95919268875e-01
6.13048577000e-04 1.96229661428e-01
6.14048577000e-04 1.96540022944e-01
6.15048577000e-04 1.96850353425e-01
6.16048577000e-04 1.97160652875e-01
6.17048577000e-04 1.97470921296e-01
6.18048577000e-04 1.97781158692e-01
6.19048577000e-04 1.98091365066e-01
6.20048577000e-04 1.98401540421e-01
6.21048577000e-04 1.98711684760e-01
6.22048577000e-04 1.99021798085e-01
6.23048577000e-04 1.99331880402e-01
6.24048577000e-04 1.99641931711e-01
6.25048577000e-04 1.99951952017e-01
6.26048577000e-04 2.00261941322e-01
6.27048577000e-04 2.00571899630e-01
6.28048577000e-04 2.00881826944e-01
6.29048577000e-04 2.01191723266e-01
6.30048577000e-04 2.01501588601e-01
6.31048577000e-04 2.01811422950e-01
6.32048577000e-04 2.02121226318e-01
6.33048577000e-04 2.02430998706e-01
6.34048577000e-04 2.02740740119e-01
6.35048577000e-04 2.03050450560e-01
6.36048577000e-04 2.03360130031e-01
6.37048577000e-04 2.03669778535e-01
6.38048577000e-04 2.03979396077e-01
6.39048577000e-04 2.04288982658e-01
6.40048577000e-04 2.04598538282e-01
6.41048577000e-04 2.04908062952e-01
6.42048577000e-04 2.05217556671e-01
6.43048577000e-04 2.05527019442e-01
6.44048577000e-04 2.05836451268e-01
6.45048577000e-04 2.06145852153e-01
6.46048577000e-04 2.06455222099e-01
6.47048577000e-04 2.06764561110e-01
6.48048577000e-04 2.07073869189e-01
6.49048577000e-04 2.07383146338e-01
6.50048577000e-04 2.07692392561e-01
6.51048577000e-04 2.08001607861e-01
6.52048577000e-04 2.08310792241e-01
6.53048577000e-04 2.08619945704e-01
6.54048577000e-04 2.08929068253e-01
6.55048577000e-04 2.09238159892e-01
6.56048577000e-04 2.09547220623e-01
6.57048577000e-04 2.09856250449e-01
6.58048577000e-04 2.10165249374e-01
6.59048577000e-04 2.10474217401e-01
6.60048577000e-04 2.10783154532e-01
6.61048577000e-04 2.11092060772e-01
6.62048577000e-04 2.11400936122e-01
6.63048577000e-04 2.11709780586e-01
6.64048577000e-04 2.12018594167e-01
6.65048577000e-04 2.12327376869e-01
6.66048577000e-04 2.12636128693e-01
6.67048577000e-04 2.12944849645e-01
6.68048577000e-04 2.13253539725e-01
6.69048577000e-04 2.13562198938e-01
6.70048577000e-04 2.13870827287e-01
6.71048577000e-04 2.14179424774e-01
6.72048577000e-04 2.14487991403e-01
6.73048577000e-04 2.14796527177e-01
6.74048577000e-04 2.15105032100e-01
6.75048577000e-04 2.15413506173e-01
6.76048577000e-04 2.15721949400e-01
6.77048577000e-04 2.16030361784e-01
6.78048577000e-04 2.16338743329e-01
6.79048577000e-04 2.16647094037e-01
6.80048577000e-04 2.16955413912e-01
6.81048577000e-04 2.17263702956e-01
6.82048577000e-04 2.17571961173e-01
6.83048577000e-04 2.17880188565e-01
6.84048577000e-04 2.18188385137e-01
6.85048577000e-04 2.18496550890e-01
6.86048577000e-04 2.18804685828e-01
6.87048577000e-04 2.19112789954e-01
6.88048577000e-04 2.19420863271e-01
6.89048577000e-04 2.19728905783e-01
6.90048577000e-04 2.20036917492e-01
6.91048577000e-04 2.20344898401e-01
6.92048577000e-04 2.20652848514e-01
6.93048577000e-04 2.20960767833e-01
6.94048577000e-04 2.21268656362e-01
6.95048577000e-04 2.21576514103e-01
6.96048577000e-04 2.21884341060e-01
6.97048577000e-04 2.22192137236e-01
6.98048577000e-04 2.22499902634e-01
6.99048577000e-04 2.22807637257e-01
7.00048577000e-04 2.23115341109e-01
7.01048577000e-04 2.23423014191e-01
7.02048577000e-04 2.23730656507e-01
7.03048577000e-04 2.24038268061e-01
7.04048577000e-04 2.24345848855e-01
7.05048577000e-04 2.24653398893e-01
7.06048577000e-04 2.24960918177e-01
7.07048577000e-04 2.25268406711e-01
7.08048577000e-04 2.25575864497e-01
7.09048577000e-04 2.25883291539e-01
7.10048577000e-04 2.26190687840e-01
7.11048577000e-04 2.26498053403e-01
7.12048577000e-04 2.26805388231e-01
7.13048577000e-04 2.27112692327e-01
7.14048577000e-04 2.27419965694e-01
7.15048577000e-04 2.27727208336e-01
7.16048577000e-04 2.28034420254e-01
7.17048577000e-04 2.28341601453e-01
7.18048577000e-04 2.28648751935e-01
7.19048577000e-04 2.28955871704e-01
7.20048577000e-04 2.29262960763e-01
7.21048577000e-04 2.29570019114e-01
7.22048577000e-04 2.29877046760e-01
7.23048577000e-04 2.30184043706e-01
7.24048577000e-04 2.30491009953e-01
7.25048577000e-04 2.30797945505e-01
7.26048577000e-04 2.31104850366e-01
7.27048577000e-04 2.31411724537e-01
7.28048577000e-04 2.31718568022e-01
7.29048577000e-04 2.32025380825e-01
7.30048577000e-04 2.32332162948e-01
7.31048577000e-04 2.32638914394e-01
7.32048577000e-04 2.32945635166e-01
7.33048577000e-04 2.33252325268e-01
7.34048577000e-04 2.33558984703e-01
7.35048577000e-04 2.33865613473e-01
7.36048577000e-04 2.34172211582e-01
7.37048577000e-04 2.34478779032e-01
7.38048577000e-04 2.34785315827e-01
7.39048577000e-04 2.35091821970e-01
7.40048577000e-04 2.35398297464e-01
7.41048577000e-04 2.35704742312e-01
7.42048577000e-04 2.36011156517e-01
7.43048577000e-04 2.36317540083e-01
7.44048577000e-04 2.36623893011e-01
7.45048577000e-04 2.36930215306e-01
7.46048577000e-04 2.37236506969e-01
7.47048577000e-04 2.37542768006e-01
7.48048577000e-04 2.37848998417e-01
7.49048577000e-04 2.38155198208e-01
7.50048577000e-04 2.38461367379e-01
7.51048577000e-04 2.38767505936e-01
7.52048577000e-04 2.39073613880e-01
7.53048577000e-04 2.39379691214e-01
7.54048577000e-04 2.39685737943e-01
7.55048577000e-04 2.39991754068e-01
7.56048577000e-04 2.40297739594e-01
7.57048577000e-04 2.40603694522e-01
7.58048577000e-04 2.40909618856e-01
7.59048577000e-04 2.41215512600e-01
7.60048577000e-04 2.41521375755e-01
7.61048577000e-04 2.41827208326e-01
7.62048577000e-04 2.42133010315e-01
7.63048577000e-04 2.42438781725e-01
7.64048577000e-04 2.42744522560e-01
7.65048577000e-04 2.43050232823e-01
7.66048577000e-04 2.43355912515e-01
7.67048577000e-04 2.43661561642e-01
7.68048577000e-04 2.43967180204e-01
7.69048577000e-04 2.44272768207e-01
7.70048577000e-04 2.44578325652e-01
7.71048577000e-04 2.44883852543e-01
7.72048577000e-04 2.45189348883e-01
7.73048577000e-04 2.45494814675e-01
7.74048577000e-04 2.45800249922e-01
7.75048577000e-04 2.46105654627e-01
7.76048577000e-04 2.46411028793e-01
7.77048577000e-04 2.46716372422e-01
7.78048577000e-04 2.47021685520e-01
7.79048577000e-04 2.47326968087e-01
7.80048577000e-04 2.47632220127e-01
7.81048577000e-04 2.47937441644e-01
7.82048577000e-04 2.48242632641e-01
7.83048577000e-04 2.48547793119e-01
7.84048577000e-04 2.48852923084e-01
7.85048577000e-04 2.49158022536e-01
7.86048577000e-04 2.49463091481e-01
7.87048577000e-04 2.49768129920e-01
7.88048577000e-04 2.50073137856e-01
7.89048577000e-04 2.50378115293e-01
7.90048577000e-04 2.50683062235e-01
7.91048577000e-04 2.50987978683e-01
7.92048577000e-04 2.51292864640e-01
7.93048577000e-04 2.51597720111e-01
7.94048577000e-04 2.51902545098e-01
7.95048577000e-04 2.52207339604e-01
7.96048577000e-04 2.52512103632e-01
7.97048577000e-04 2.52816837184e-01
7.98048577000e-04 2.53121540266e-01
7.99048577000e-04 2.53426212878e-01
8.00048577000e-04 2.53730855025e-01
8.01048577000e-04 2.54035466708e-01
8.02048577000e-04 2.54340047933e-01
8.03048577000e-04 2.54644598700e-01
8.04048577000e-04 2.54949119015e-01
8.05048577000e-04 2.55253608878e-01
8.06048577000e-04 2.55558068294e-01
8.07048577000e-04 2.55862497266e-01
8.08048577000e-04 2.56166895796e-01
8.09048577000e-04 2.56471263888e-01
8.10048577000e-04 2.56775601545e-01
8.11048577000e-04 2.57079908770e-01
8.12048577000e-04 2.57384185565e-01
8.13048577000e-04 2.57688431934e-01
8.14048577000e-04 2.57992647880e-01
8.15048577000e-04 2.58296833406e-01
8.16048577000e-04 2.58600988515e-01
8.17048577000e-04 2.58905113210e-01
8.18048577000e-04 2.59209207494e-01
8.19048577000e-04 2.59513271370e-01
8.20048577000e-04 2.59817304841e-01
8.21048577000e-04 2.60121307910e-01
8.22048577000e-04 2.60425280581e-01
8.23048577000e-04 2.60729222856e-01
8.24048577000e-04 2.61033134738e-01
8.25048577000e-04 2.61337016230e-01
8.26048577000e-04 2.61640867336e-01
8.27048577000e-04 2.61944688058e-01
8.28048577000e-04 2.62248478400e-01
8.29048577000e-04 2.62552238364e-01
8.30048577000e-04 2.62855967954e-01
8.31048577000e-04 2.63159667172e-01
8.32048577000e-04 2.63463336022e-01
8.33048577000e-04 2.63766974506e-01
8.34048577000e-04 2.64070582629e-01
8.35048577000e-04 2.64374160391e-01
8.36048577000e-04 2.64677707798e-01
8.37048577000e-04 2.64981224851e-01
8.38048577000e-04 2.65284711555e-01
8.39048577000e-04 2.65588167911e-01
8.40048577000e-04 2.65891593922e-01
8.41048577000e-04 2.66194989593e-01
8.42048577000e-04 2.66498354926e-01
8.43048577000e-04 2.66801689924e-01
8.44048577000e-04 2.67104994590e-01
8.45048577000e-04 2.67408268926e-01
8.46048577000e-04 2.67711512937e-01
8.47048577000e-04 2.68014726625e-01
8.48048577000e-04 2.68317909994e-01
8.49048577000e-04 2.68621063045e-01
8.50048577000e-04 2.68924185782e-01
8.51048577000e-04 2.69227278209e-01
8.52048577000e-04 2.69530340328e-01
8.53048577000e-04 2.69833372143e-01
8.54048577000e-04 2.70136373655e-01
8.55048577000e-04 2.70439344869e-01
8.56048577000e-04 2.70742285788e-01
8.57048577000e-04 2.71045196414e-01
8.58048577000e-04 2.71348076750e-01
8.59048577000e-04 2.71650926800e-01
8.60048577000e-04 2.71953746566e-01
8.61048577000e-04 2.72256536052e-01
8.62048577000e-04 2.72559295261e-01
8.63048577000e-04 2.72862024195e-01
8.64048577000e-04 2.73164722857e-01
8.65048577000e-04 2.73467391252e-01
8.66048577000e-04 2.73770029381e-01
8.67048577000e-04 2.74072637247e-01
8.68048577000e-04 2.74375214855e-01
8.69048577000e-04 2.74677762206e-01
8.70048577000e-04 2.74980279304e-01
8.71048577000e-04 2.75282766151e-01
8.72048577000e-04 2.75585222752e-01
8.73048577000e-04 2.75887649108e-01
8.74048577000e-04 2.76190045224e-01
8.75048577000e-04 2.76492411101e-01
8.76048577000e-04 2.76794746743e-01
8.77048577000e-04 2.77097052153e-01
8.78048577000e-04 2.77399327334e-01
8.79048577000e-04 2.77701572289e-01
8.80048577000e-04 2.78003787021e-01
8.81048577000e-04 2.78305971533e-01
8.82048577000e-04 2.78608125828e-01
8.83048577000e-04 2.78910249910e-01
8.84048577000e-04 2.79212343780e-01
8.85048577000e-04 2.79514407442e-01
8.86048577000e-04 2.79816440900e-01
8.87048577000e-04 2.80118444156e-01
8.88048577000e-04 2.80420417213e-01
8.89048577000e-04 2.80722360074e-01
8.90048577000e-04 2.81024272742e-01
8.91048577000e-04 2.81326155221e-01
8.92048577000e-04 2.81628007512e-01
8.93048577000e-04 2.81929829621e-01
8.94048577000e-04 2.82231621548e-01
8.95048577000e-04 2.82533383298e-01
8.96048577000e-04 2.82835114873e-01
8.97048577000e-04 2.83136816276e-01
8.98048577000e-04 2.83438487511e-01
8.99048577000e-04 2.83740128580e-01
9.00048577000e-04 2.84041739487e-01
9.01048577000e-04 2.84343320234e-01
9.02048577000e-04 2.84644870824e-01
9.03048577000e-04 2.84946391261e-01
9.04048577000e-04 2.85247881548e-01
9.05048577000e-04 2.85549341687e-01
9.06048577000e-04 2.85850771681e-01
9.07048577000e-04 2.86152171534e-01
9.08048577000e-04 2.86453541248e-01
9.09048577000e-04 2.86754880827e-01
9.10048577000e-04 2.87056190273e-01
9.11048577000e-04 2.87357469590e-01
9.12048577000e-04 2.87658718781e-01
9.13048577000e-04 2.87959937848e-01
9.14048577000e-04 2.88261126795e-01
9.15048577000e-04 2.88562285624e-01
9.16048577000e-04 2.88863414339e-01
9.17048577000e-04 2.89164512943e-01
9.18048577000e-04 2.89465581438e-01
9.19048577000e-04 2.89766619828e-01
9.20048577000e-04 2.90067628116e-01
9.21048577000e-04 2.90368606304e-01
9.22048577000e-04 2.90669554396e-01
9.23048577000e-04 2.90970472395e-01
9.24048577000e-04 2.91271360303e-01
9.25048577000e-04 2.91572218124e-01
9.26048577000e-04 2.91873045861e-01
9.27048577000e-04 2.92173843516e-01
9.28048577000e-04 2.92474611094e-01
9.29048577000e-04 2.92775348596e-01
9.30048577000e-04 2.93076056025e-01
9.31048577000e-04 2.93376733386e-01
9.32048577000e-04 2.93677380680e-01
9.33048577000e-04 2.93977997911e-01
9.34048577000e-04 2.94278585082e-01
9.35048577000e-04 2.94579142196e-01
9.36048577000e-04 2.94879669255e-01
9.37048577000e-04 2.95180166264e-01
9.38048577000e-04 2.95480633224e-01
9.39048577000e-04 2.95781070138e-01
9.40048577000e-04 2.96081477011e-01
9.41048577000e-04 2.96381853844e-01
9.42048577000e-04 2.96682200642e-01
9.43048577000e-04 2.96982517406e-01
9.44048577000e-04 2.97282804140e-01
9.45048577000e-04 2.97583060847e-01
9.46048577000e-04 2.97883287529e-01
9.47048577000e-04 2.98183484191e-01
9.48048577000e-04 2.98483650834e-01
9.49048577000e-04 2.98783787462e-01
9.50048577000e-04 2.99083894078e-01
9.51048577000e-04 2.99383970685e-01
9.52048577000e-04 2.99684017285e-01
9.53048577000e-04 2.99984033883e-01
9.54048577000e-04 3.00284020480e-01
9.55048577000e-04 3.00583977080e-01
9.56048577000e-04 3.00883903686e-01
9.57048577000e-04 3.01183800301e-01
9.58048577000e-04 3.01483666927e-01
9.59048577000e-04 3.01783503569e-01
9.60048577000e-04 3.02083310228e-01
9.61048577000e-04 3.02383086908e-01
9.62048577000e-04 3.02682833612e-01
9.63048577000e-04 3.02982550343e-01
9.64048577000e-04 3.03282237104e-01
9.65048577000e-04 3.03581893897e-01
9.66048577000e-04 3.03881520726e-01
9.67048577000e-04 3.04181117595e-01
9.68048577000e-04 3.04480684504e-01
9.69048577000e-04 3.04780221459e-01
9.70048577000e-04 3.05079728462e-01
9.71048577000e-04 3.05379205515e-01
9.72048577000e-04 3.05678652622e-01
9.73048577000e-04 3.05978069786e-01
9.74048577000e-04 3.06277457010e-01
9.75048577000e-04 3.06576814296e-01
9.76048577000e-04 3.06876141648e-01
9.77048577000e-04 3.07175439069e-01
9.78048577000e-04 3.07474706562e-01
9.79048577000e-04 3.07773944129e-01
9.80048577000e-04 3.08073151775e-01
9.81048577000e-04 3.08372329500e-01
9.82048577000e-04 3.08671477310e-01
9.83048577000e-04 3.08970595207e-01
9.84048577000e-04 3.09269683193e-01
9.85048577000e-04 3.09568741271e-01
9.86048577000e-04 3.09867769446e-01
9.87048577000e-04 3.10166767719e-01
9.88048577000e-04 3.10465736094e-01
9.89048577000e-04 3.10764674573e-01
9.90048577000e-04 3.11063583160e-01
9.91048577000e-04 3.11362461858e-01
9.92048577000e-04 3.11661310669e-01
9.93048577000e-04 3.11960129597e-01
9.94048577000e-04 3.12258918645e-01
9.95048577000e-04 3.12557677815e-01
9.96048577000e-04 3.12856407111e-01
9.97048577000e-04 3.13155106535e-01
9.98048577000e-04 3.13453776091e-01
9.99048577000e-04 3.13752415782e-01
1.00000000000e-03 3.14036520730e-01
