+ 3.3844e-05 7.4916e-06 4.2147e-05 5.2536e-06 8.7434e-06 3.9181e-06 
+ 4.0159e-05 7.1337e-06 4.3003e-05 8.3213e-06 1.0381e-05 9.9346e-06 
+ 2.022e-05 8.6123e-06 4.6043e-05 7.5532e-06 1.4451e-05 8.981e-06 
+ 1.4522e-05 1.8e-07 2.4e-07 8.6086e-06 1.7552e-05 1.8e-07 
+ 1.6315e-05 1.011e-06 2.9209e-05 1.6831e-06 3.8772e-06 5.8811e-06 
+ 2.022e-05 8.6123e-06 4.6043e-05 7.5532e-06 1.4451e-05 9.0138e-06 
+ 2.3035e-05 8.6123e-06 4.6043e-05 9.2105e-06 1.4451e-05 8.0047e-06 
+ 3.5677e-05 7.1721e-06 2.9092e-05 6.8332e-06 1.0878e-05 6.5204e-06 
+ 2.4e-07 1.8e-07 2.4e-07 1.8e-07 2.4e-07 1.8e-07 
+ 2.7948e-05 7.1721e-06 2.4e-07 7.1779e-06 1.0878e-05 1.8e-07 
+ 3.1281e-07 7.1721e-06 2.0362e-05 7.1779e-06 4.7541e-05 4.7036e-06 
+ 2.7948e-05 7.1721e-06 4.8837e-05 5.0198e-06 1.0878e-05 9.9508e-06 
+ 2.5134e-05 5.7799e-06 2.4518e-05 8.4178e-06 2.0188e-05 6.5204e-06 
+ 2.4e-07 1.8e-07 2.4e-07 1.8e-07 2.4e-07 1.8e-07 
+ 2.4e-07 1.8e-07 2.4e-07 1.8e-07 2.4e-07 1.8e-07 
+ 2.4e-07 1.8e-07 2.4e-07 1.8e-07 2.4e-07 1.8e-07 
+ 2.4e-07 1.8e-07 2.4e-07 1.8e-07 2.4e-07 1.8e-07 
+ 2.4e-07 1.8e-07 2.4e-07 1.8e-07 2.4e-07 1.8e-07 
+ 2.4e-07 1.8e-07 2.4e-07 1.8e-07 2.4e-07 1.8e-07 
+ 2.4e-07 1.8e-07 2.4e-07 1.8e-07 2.4e-07 1.8e-07 
+ 2.4e-07 1.8e-07 2.4e-07 1.8e-07 2.4e-07 1.8e-07 
+ 2.4e-07 1.8e-07 2.4e-07 1.8e-07 2.4e-07 1.8e-07 
+ 2.4e-07 1.8e-07 2.4e-07 1.8e-07 2.4e-07 1.8e-07 
+ 2.4e-07 1.8e-07 2.4e-07 1.8e-07 2.4e-07 1.8e-07 
+ 2.4e-07 1.8e-07 2.4e-07 1.8e-07 2.4e-07 1.8e-07 
